[gd_scene load_steps=12 format=3 uid="uid://b5ecugm0yh0ww"]

[ext_resource type="PackedScene" uid="uid://pnluy802cqmc" path="res://assets/models/buildings/convenience_store.glb" id="1_ic3dl"]
[ext_resource type="PackedScene" uid="uid://cpffv2k2op1i0" path="res://assets/models/props/book_store/ceiling_light_on.tscn" id="2_wihiu"]
[ext_resource type="PackedScene" uid="uid://dl4av7gyci7fs" path="res://assets/models/props/book_store/ceiling_light_off.tscn" id="3_1rpt1"]
[ext_resource type="PackedScene" uid="uid://d2in713yw3yem" path="res://assets/models/props/convenience_store/cardboard_box_1.tscn" id="4_rvknt"]
[ext_resource type="PackedScene" uid="uid://bfr5sqtuj00pl" path="res://assets/models/props/convenience_store/cardboard_box_2.tscn" id="5_je4ym"]
[ext_resource type="PackedScene" uid="uid://ukqq6tn7dqge" path="res://assets/models/props/convenience_store/shelf.tscn" id="6_je4ym"]
[ext_resource type="PackedScene" uid="uid://cv5jwhx1ugi8t" path="res://assets/models/props/book_store/counter.tscn" id="7_u6lnl"]
[ext_resource type="PackedScene" uid="uid://cs0f1vstr3ok0" path="res://assets/models/props/convenience_store/freezer.tscn" id="8_r1joh"]
[ext_resource type="PackedScene" uid="uid://cwldfqmrkvnn3" path="res://assets/models/props/convenience_store/shelf.glb" id="9_r1joh"]
[ext_resource type="PackedScene" uid="uid://cghnud24kx3x2" path="res://assets/models/props/posters/devilish_deals.tscn" id="10_r4sb1"]
[ext_resource type="PackedScene" uid="uid://drxacwxkn4jnq" path="res://assets/models/props/posters/cheap_sin.tscn" id="11_hsvi2"]

[node name="ConvenienceStore" instance=ExtResource("1_ic3dl")]

[node name="CeilingLightOn" parent="." index="2" instance=ExtResource("2_wihiu")]
transform = Transform3D(1, 0, 0, 0, 1, 0, 0, 0, 1, -5, 3, -3.25)

[node name="CeilingLightOn2" parent="." index="3" instance=ExtResource("2_wihiu")]
transform = Transform3D(1, 0, 0, 0, 1, 0, 0, 0, 1, -5, 3, -9.75)

[node name="CeilingLightOff" parent="." index="4" instance=ExtResource("3_1rpt1")]
transform = Transform3D(1, 0, 0, 0, 1, 0, 0, 0, 1, 0, 3, -3.25)

[node name="CeilingLightOff2" parent="." index="5" instance=ExtResource("3_1rpt1")]
transform = Transform3D(1, 0, 0, 0, 1, 0, 0, 0, 1, 0, 3, -9.75)

[node name="CeilingLightOff3" parent="." index="6" instance=ExtResource("3_1rpt1")]
transform = Transform3D(1, 0, 0, 0, 1, 0, 0, 0, 1, 5, 3, -9.75)

[node name="CeilingLightOn3" parent="." index="7" instance=ExtResource("2_wihiu")]
transform = Transform3D(1, 0, 0, 0, 1, 0, 0, 0, 1, 5, 3, -3.25)

[node name="CeilingLightOn4" parent="." index="8" instance=ExtResource("2_wihiu")]
transform = Transform3D(1, 0, 0, 0, 1, 0, 0, 0, 1, 4, 3, -16.5)

[node name="CardboardBox1" parent="." index="9" instance=ExtResource("4_rvknt")]
transform = Transform3D(0.343135, 0, -0.939286, 0, 1, 0, 0.939286, 0, 0.343135, 8.66126, -1.19209e-07, -12.4985)

[node name="CardboardBox3" parent="." index="10" instance=ExtResource("4_rvknt")]
transform = Transform3D(0.859237, 0, -0.511578, 0, 1, 0, 0.511578, 0, 0.859237, 9.25801, 0.4, -12.4112)

[node name="CardboardBox2" parent="." index="11" instance=ExtResource("5_je4ym")]
transform = Transform3D(0.998191, 0, -0.0601252, 0, 1, 0, 0.0601252, 0, 0.998191, 9.22744, 0, -12.4308)

[node name="CardboardBox4" parent="." index="12" instance=ExtResource("5_je4ym")]
transform = Transform3D(0.379585, 0, -0.925157, 0, 1, 0, 0.925157, 0, 0.379585, 9.5215, 0, -11.9638)

[node name="CardboardBox5" parent="." index="13" instance=ExtResource("4_rvknt")]
transform = Transform3D(0.516997, 0, -0.855987, 0, 1, 0, 0.855987, 0, 0.516997, -9.18701, -3.57628e-07, -0.825267)

[node name="CardboardBox6" parent="." index="14" instance=ExtResource("4_rvknt")]
transform = Transform3D(-0.996975, 0, -0.0777284, 0, 1, 0, 0.0777284, 0, -0.996975, -7.92475, -7.15256e-07, -12.4445)

[node name="CardboardBox7" parent="." index="15" instance=ExtResource("5_je4ym")]
transform = Transform3D(0.905376, 0, 0.42461, 0, 1, 0, -0.42461, 0, 0.905376, -8.50058, 0, -12.4097)

[node name="CardboardBox10" parent="." index="16" instance=ExtResource("5_je4ym")]
transform = Transform3D(-0.598772, 0, -0.80092, 0, 1, 0, 0.80092, 0, -0.598772, 9.27744, 3.57628e-07, -13.3746)

[node name="CardboardBox8" parent="." index="17" instance=ExtResource("4_rvknt")]
transform = Transform3D(0.542324, 0, 0.840169, 0, 1, 0, -0.840169, 0, 0.542324, 8.5435, -7.7486e-07, -13.3934)

[node name="CardboardBox11" parent="." index="18" instance=ExtResource("4_rvknt")]
transform = Transform3D(0.956315, 0, -0.292338, 0, 1, 0, 0.292338, 0, 0.956315, 9.26671, 0.4, -13.3915)

[node name="CardboardBox9" parent="." index="19" instance=ExtResource("4_rvknt")]
transform = Transform3D(0.905931, 0, 0.423425, 0, 1, 0, -0.423425, 0, 0.905931, 9.43849, -7.7486e-07, -14.0301)

[node name="Row" type="Node3D" parent="." index="20"]
transform = Transform3D(1, 0, 0, 0, 1, 0, 0, 0, 1, -2.5, 0, -0.2)

[node name="Shelf" parent="Row" index="0" instance=ExtResource("6_je4ym")]
transform = Transform3D(-1, 0, 8.74228e-08, 0, 1, 0, -8.74228e-08, 0, -1, 2, 0, 0)

[node name="Shelf2" parent="Row" index="1" instance=ExtResource("6_je4ym")]
transform = Transform3D(-1, 0, 8.74228e-08, 0, 1, 0, -8.74228e-08, 0, -1, -2, 0, 0)

[node name="Row2" type="Node3D" parent="." index="21"]
transform = Transform3D(-1, 0, -8.74228e-08, 0, 1, 0, 8.74228e-08, 0, -1, -2.5, 0, -4.4)

[node name="Shelf" parent="Row2" index="0" instance=ExtResource("6_je4ym")]
transform = Transform3D(-1, 0, 8.74228e-08, 0, 1, 0, -8.74228e-08, 0, -1, 2, 0, 0)

[node name="Shelf2" parent="Row2" index="1" instance=ExtResource("6_je4ym")]
transform = Transform3D(-1, 0, 8.74228e-08, 0, 1, 0, -8.74228e-08, 0, -1, -2, 0, 0)

[node name="Row3" type="Node3D" parent="." index="22"]
transform = Transform3D(1, 0, 1.74846e-07, 0, 1, 0, -1.74846e-07, 0, 1, -2.5, 0, -4.4)

[node name="Shelf" parent="Row3" index="0" instance=ExtResource("6_je4ym")]
transform = Transform3D(-1, 0, 8.74228e-08, 0, 1, 0, -8.74228e-08, 0, -1, 2, 0, 4.76837e-07)

[node name="Shelf2" parent="Row3" index="1" instance=ExtResource("6_je4ym")]
transform = Transform3D(-1, 0, 8.74228e-08, 0, 1, 0, -8.74228e-08, 0, -1, -2, 0, 0)

[node name="Row4" type="Node3D" parent="." index="23"]
transform = Transform3D(-1, 0, -8.74228e-08, 0, 1, 0, 8.74228e-08, 0, -1, -2.5, 0, -8.6)

[node name="Shelf" parent="Row4" index="0" instance=ExtResource("6_je4ym")]
transform = Transform3D(-1, 0, 8.74228e-08, 0, 1, 0, -8.74228e-08, 0, -1, 2, 0, 0)

[node name="Shelf2" parent="Row4" index="1" instance=ExtResource("6_je4ym")]
transform = Transform3D(-1, 0, 8.74228e-08, 0, 1, 0, -8.74228e-08, 0, -1, -2, 0, 0)

[node name="Row5" type="Node3D" parent="." index="24"]
transform = Transform3D(1, 0, 1.74846e-07, 0, 1, 0, -1.74846e-07, 0, 1, -2.5, 0, -8.6)

[node name="Shelf" parent="Row5" index="0" instance=ExtResource("6_je4ym")]
transform = Transform3D(-1, 0, 8.74228e-08, 0, 1, 0, -8.74228e-08, 0, -1, 2, 0, 4.76837e-07)

[node name="Shelf2" parent="Row5" index="1" instance=ExtResource("6_je4ym")]
transform = Transform3D(-1, 0, 8.74228e-08, 0, 1, 0, -8.74228e-08, 0, -1, -2, 0, 0)

[node name="Row6" type="Node3D" parent="." index="25"]
transform = Transform3D(-1, 0, -8.74228e-08, 0, 1, 0, 8.74228e-08, 0, -1, -2.5, 0, -12.8)

[node name="Shelf" parent="Row6" index="0" instance=ExtResource("6_je4ym")]
transform = Transform3D(-1, 0, 8.74228e-08, 0, 1, 0, -8.74228e-08, 0, -1, 2, 0, 0)

[node name="Shelf2" parent="Row6" index="1" instance=ExtResource("6_je4ym")]
transform = Transform3D(-1, 0, 8.74228e-08, 0, 1, 0, -8.74228e-08, 0, -1, -2, 0, 0)

[node name="Counter" parent="." index="26" instance=ExtResource("7_u6lnl")]
transform = Transform3D(1, 0, 0, 0, 1, 0, 0, 0, 1, 7.5, 0, -5)

[node name="Freezer" parent="." index="27" instance=ExtResource("8_r1joh")]
transform = Transform3D(-4.37114e-08, 0, 1, 0, 1, 0, -1, 0, -4.37114e-08, -9.8, 0, -2.5)

[node name="Freezer2" parent="." index="28" instance=ExtResource("8_r1joh")]
transform = Transform3D(-4.37114e-08, 0, 1, 0, 1, 0, -1, 0, -4.37114e-08, -9.8, 0, -4.5)

[node name="Freezer3" parent="." index="29" instance=ExtResource("8_r1joh")]
transform = Transform3D(-4.37114e-08, 0, 1, 0, 1, 0, -1, 0, -4.37114e-08, -9.8, 0, -6.5)

[node name="Freezer4" parent="." index="30" instance=ExtResource("8_r1joh")]
transform = Transform3D(-4.37114e-08, 0, 1, 0, 1, 0, -1, 0, -4.37114e-08, -9.8, 0, -8.5)

[node name="Freezer5" parent="." index="31" instance=ExtResource("8_r1joh")]
transform = Transform3D(-4.37114e-08, 0, 1, 0, 1, 0, -1, 0, -4.37114e-08, -9.8, 0, -10.5)

[node name="Freezer6" parent="." index="32" instance=ExtResource("8_r1joh")]
transform = Transform3D(1, 0, 0, 0, 1, 0, 0, 0, 1, 7, 0, -12.8)

[node name="Freezer7" parent="." index="33" instance=ExtResource("8_r1joh")]
transform = Transform3D(-1, 0, -8.74228e-08, 0, 1, 0, 8.74228e-08, 0, -1, 1.5, 0, -13)

[node name="Freezer8" parent="." index="34" instance=ExtResource("8_r1joh")]
transform = Transform3D(-1, 0, -8.74228e-08, 0, 1, 0, 8.74228e-08, 0, -1, -0.5, 0, -13)

[node name="shelf" parent="." index="35" instance=ExtResource("9_r1joh")]
transform = Transform3D(1, 0, 0, 0, 1, 0, 0, 0, 1, 0.5, 0, -19.8)

[node name="DevilishDeals" parent="." index="36" instance=ExtResource("10_r4sb1")]
transform = Transform3D(0.999391, -0.0348995, 0, 0.0348995, 0.999391, 0, 0, 0, 1, 2.25, 1.5, 0)

[node name="CheapSin" parent="." index="37" instance=ExtResource("11_hsvi2")]
transform = Transform3D(0.999391, 0.0348995, 0, -0.0348995, 0.999391, 0, 0, 0, 1, -4.5, 1.25, 0)
