[gd_scene load_steps=3 format=3 uid="uid://dnv40hmfea5s5"]

[ext_resource type="PackedScene" uid="uid://bem8jp0bhn2aa" path="res://assets/models/ground.glb" id="1_pkhrk"]
[ext_resource type="PackedScene" uid="uid://lg6btqew2gfg" path="res://prefabs/item/item_spawn.tscn" id="2_w5lq4"]

[node name="Ground" instance=ExtResource("1_pkhrk")]

[node name="ItemSpawn" parent="." index="2" instance=ExtResource("2_w5lq4")]
transform = Transform3D(-0.886341, 0, -0.463033, 0, 1, 0, 0.463033, 0, -0.886341, -12.5146, 0.1, 5.61654)

[node name="ItemSpawn2" parent="." index="3" instance=ExtResource("2_w5lq4")]
transform = Transform3D(-0.935592, 0, 0.353083, 0, 1, 0, -0.353083, 0, -0.935592, -16.4565, 0.1, 5.43864)

[node name="ItemSpawn3" parent="." index="4" instance=ExtResource("2_w5lq4")]
transform = Transform3D(-0.999994, 0, -0.00356042, 0, 1, 0, 0.00356042, 0, -0.999994, -21.3813, 0.1, 6.31863)

[node name="ItemSpawn4" parent="." index="5" instance=ExtResource("2_w5lq4")]
transform = Transform3D(-0.762702, 0, -0.64675, 0, 1, 0, 0.64675, 0, -0.762702, -26.5264, 0.1, 6.29039)

[node name="ItemSpawn5" parent="." index="6" instance=ExtResource("2_w5lq4")]
transform = Transform3D(-0.663717, 0, 0.747983, 0, 1, 0, -0.747983, 0, -0.663717, -31.365, 0.1, 4.4436)

[node name="ItemSpawn6" parent="." index="7" instance=ExtResource("2_w5lq4")]
transform = Transform3D(0.873024, 0, 0.487677, 0, 1, 0, -0.487677, 0, 0.873024, -23.7299, 0.1, -3.41097)

[node name="ItemSpawn7" parent="." index="8" instance=ExtResource("2_w5lq4")]
transform = Transform3D(0.983772, 0, -0.17942, 0, 1, 0, 0.17942, 0, 0.983772, -19.1135, 0.0999995, -4.46618)

[node name="ItemSpawn8" parent="." index="9" instance=ExtResource("2_w5lq4")]
transform = Transform3D(-0.97439, 0, -0.224866, 0, 1, 0, 0.224866, 0, -0.97439, 13.0771, 0.0999995, 6.5143)

[node name="ItemSpawn9" parent="." index="10" instance=ExtResource("2_w5lq4")]
transform = Transform3D(-0.988568, 0, 0.150778, 0, 1, 0, -0.150778, 0, -0.988568, 16.3795, 0.0999995, 5.79731)

[node name="ItemSpawn10" parent="." index="11" instance=ExtResource("2_w5lq4")]
transform = Transform3D(-0.668482, 0, -0.743728, 0, 1, 0, 0.743728, 0, -0.668482, 21.4934, 0.0999995, 6.51176)

[node name="ItemSpawn11" parent="." index="12" instance=ExtResource("2_w5lq4")]
transform = Transform3D(-0.984534, 0, -0.175195, 0, 1, 0, 0.175195, 0, -0.984534, 28.4963, 0.0999995, 5.63771)

[node name="ItemSpawn12" parent="." index="13" instance=ExtResource("2_w5lq4")]
transform = Transform3D(0.972113, 0, 0.234515, 0, 1, 0, -0.234515, 0, 0.972113, 18.959, 0.1, -4.04855)

[node name="ItemSpawn13" parent="." index="14" instance=ExtResource("2_w5lq4")]
transform = Transform3D(0.972812, 0, 0.231595, 0, 1, 0, -0.231595, 0, 0.972812, 36.1044, 0.1, -4.20234)

[node name="ItemSpawn14" parent="." index="15" instance=ExtResource("2_w5lq4")]
transform = Transform3D(0.293056, 0, -0.956095, 0, 1, 0, 0.956095, 0, 0.293056, 41.0035, 0, -1.35143)

[node name="ItemSpawn15" parent="." index="16" instance=ExtResource("2_w5lq4")]
transform = Transform3D(0.637908, 0, -0.770113, 0, 1, 0, 0.770113, 0, 0.637908, 44.6627, 0, 2.10082)
