[gd_scene load_steps=16 format=3 uid="uid://ckyrccaeq6a8h"]

[ext_resource type="Script" uid="uid://cwfd25cby8bo8" path="res://src/foostep_controller.gd" id="1_qnk7q"]
[ext_resource type="Script" uid="uid://dfap6ainrrgii" path="res://src/enemy.gd" id="1_u6on0"]
[ext_resource type="AudioStream" uid="uid://cceybcsjb73of" path="res://audio/enemy/Bare Step Stone Hard A.wav" id="2_2nw32"]
[ext_resource type="ArrayMesh" uid="uid://8ohxdtjyt75t" path="res://assets/models/enemy/enemy_Enemy.res" id="2_ikd5g"]
[ext_resource type="AudioStream" uid="uid://dr75sflafnxro" path="res://audio/enemy/Bare Step Stone Hard B.wav" id="3_u6on0"]
[ext_resource type="AudioStream" uid="uid://k1u2usobkh0j" path="res://audio/enemy/Bare Step Stone Hard C.wav" id="4_ikd5g"]
[ext_resource type="AudioStream" uid="uid://c44syyfsemn76" path="res://audio/enemy/Bare Step Stone Hard D.wav" id="5_geowp"]
[ext_resource type="AudioStream" uid="uid://dwra2u0344rot" path="res://audio/enemy/Bare Step Stone Hard E.wav" id="6_rnd4m"]
[ext_resource type="Script" uid="uid://dih3swr18jk1u" path="res://addons/OvaniAmbiencePlugin/MovingAudioSource.gd" id="7_2nw32"]
[ext_resource type="Animation" uid="uid://bynih1tcb3c2i" path="res://assets/models/enemy/RESET.res" id="10_rnd4m"]
[ext_resource type="Animation" uid="uid://bfb0yxgk5ip1f" path="res://assets/models/enemy/Run.res" id="11_xkwav"]

[sub_resource type="SphereShape3D" id="SphereShape3D_xkwav"]
radius = 0.4

[sub_resource type="SphereShape3D" id="SphereShape3D_u6on0"]

[sub_resource type="Skin" id="Skin_l3pri"]
resource_name = "Skin"
bind_count = 13
bind/0/name = &"Root"
bind/0/bone = -1
bind/0/pose = Transform3D(1, 0, 0, 0, 1, 0, 0, 0, 1, 0, 0, 0)
bind/1/name = &"Torso"
bind/1/bone = -1
bind/1/pose = Transform3D(1, 0, 0, 0, 1, 0, 0, 0, 1, 0, 0, 0)
bind/2/name = &"Clavicle"
bind/2/bone = -1
bind/2/pose = Transform3D(1, 0, 0, 0, 1, 0, 0, 0, 1, 0, -0.601722, 0)
bind/3/name = &"Neck"
bind/3/bone = -1
bind/3/pose = Transform3D(1, 0, 0, 0, 1, 0, 0, 0, 1, 0, -0.789282, 0)
bind/4/name = &"Head"
bind/4/bone = -1
bind/4/pose = Transform3D(1, 0, 0, 0, 1, 0, 0, 0, 1, 0, -0.995598, 0)
bind/5/name = &"Shoulder.L"
bind/5/bone = -1
bind/5/pose = Transform3D(-1.88672e-08, -3.13349e-07, -1, 0.998192, -0.0601025, 1.38319e-07, -0.0601025, -0.998192, 3.13793e-07, 1.88549e-07, 0.036165, 0.600635)
bind/6/name = &"Bicep.L"
bind/6/bone = -1
bind/6/pose = Transform3D(-2.44472e-08, -6.10458e-07, -1, 0.999199, -0.0400153, 1.38294e-07, -0.0400153, -0.999199, 6.13606e-07, 3.60936e-07, -0.495928, 0.59078)
bind/7/name = &"Forearm.L"
bind/7/bone = -1
bind/7/pose = Transform3D(1.77636e-15, -3.89414e-07, -1, 1, -1.49011e-08, 1.38076e-07, -7.06288e-22, -1, 3.97605e-07, 2.1213e-07, -1.16147, 0.54474)
bind/8/name = &"Hand.L"
bind/8/bone = -1
bind/8/pose = Transform3D(-1.39095e-09, -1.33172e-07, -1, 0.999946, -0.0104442, 1.38154e-07, -0.0104442, -0.999946, 1.39927e-07, 7.48811e-08, -1.67433, 0.562258)
bind/9/name = &"Shoulder.R"
bind/9/bone = -1
bind/9/pose = Transform3D(9.79194e-09, -1.62626e-07, 1, -0.998192, -0.0601025, 1.39464e-07, 0.0601025, -0.998192, -1.63044e-07, 9.78558e-08, 0.036165, 0.600635)
bind/10/name = &"Bicep.R"
bind/10/bone = -1
bind/10/pose = Transform3D(-2.98137e-09, 7.44461e-08, 1, -0.999199, -0.0400153, 1.39439e-07, 0.0400153, -0.999199, 7.71877e-08, -4.40166e-08, -0.495928, 0.59078)
bind/11/name = &"Forearm.R"
bind/11/bone = -1
bind/11/pose = Transform3D(0, -3.25841e-07, 1, -1, -2.23518e-08, 1.3922e-07, 0, -1, -3.17582e-07, 1.77499e-07, -1.16147, 0.54474)
bind/12/name = &"Hand.R"
bind/12/bone = -1
bind/12/pose = Transform3D(1.76057e-09, -1.6856e-07, 1, -0.999946, -0.0104442, 1.39298e-07, 0.0104442, -0.999946, -1.61765e-07, 9.47795e-08, -1.67433, 0.562258)

[sub_resource type="AnimationLibrary" id="AnimationLibrary_rq53j"]
_data = {
&"RESET": ExtResource("10_rnd4m"),
&"Run": ExtResource("11_xkwav")
}

[node name="Enemy" type="CharacterBody3D" groups=["enemy"]]
collision_layer = 8
collision_mask = 3
script = ExtResource("1_u6on0")
move_slow_speed = 3.5
move_fast_speed = 5.5
los_blocker_mask = 1

[node name="CollisionShape3D" type="CollisionShape3D" parent="."]
transform = Transform3D(1, 0, 0, 0, 1, 0, 0, 0, 1, 0, 0.4, 0)
shape = SubResource("SphereShape3D_xkwav")

[node name="NavigationAgent3D" type="NavigationAgent3D" parent="."]
unique_name_in_owner = true
path_desired_distance = 0.25
target_desired_distance = 0.25

[node name="FootstepController" type="Node3D" parent="." node_paths=PackedStringArray("footstep_sfx")]
script = ExtResource("1_qnk7q")
pitch_variation = 0.1
footstep_audio = Array[AudioStream]([ExtResource("2_2nw32"), ExtResource("3_u6on0"), ExtResource("4_ikd5g"), ExtResource("5_geowp"), ExtResource("6_rnd4m")])
footstep_sfx = NodePath("FootstepSFX")
metadata/_custom_type_script = "uid://cwfd25cby8bo8"

[node name="FootstepSFX" type="AudioStreamPlayer3D" parent="FootstepController"]

[node name="MovingAudioSource" type="Node3D" parent="FootstepController/FootstepSFX"]
script = ExtResource("7_2nw32")
metadata/_custom_type_script = "uid://dih3swr18jk1u"

[node name="Timer" type="Timer" parent="."]
process_callback = 0
wait_time = 0.1
autostart = true

[node name="HurtBox" type="Area3D" parent="."]
collision_layer = 0
collision_mask = 2

[node name="CollisionShape3D" type="CollisionShape3D" parent="HurtBox"]
transform = Transform3D(1, 0, 0, 0, 1, 0, 0, 0, 1, 0, 0.4, 0)
shape = SubResource("SphereShape3D_u6on0")

[node name="Armature" type="Node3D" parent="."]
unique_name_in_owner = true
transform = Transform3D(0.499999, 0, 0, 0, 0.5, 0, 0, 0, 0.499999, 0, 0, 0)

[node name="Skeleton3D" type="Skeleton3D" parent="Armature"]
bones/0/name = "Root"
bones/0/parent = -1
bones/0/rest = Transform3D(1, 0, 0, 0, 1, 0, 0, 0, 1, 0, 0, 0)
bones/0/enabled = true
bones/0/position = Vector3(0, 0, 0)
bones/0/rotation = Quaternion(0, 0, 0, 1)
bones/0/scale = Vector3(1, 1, 1)
bones/1/name = "Torso"
bones/1/parent = 0
bones/1/rest = Transform3D(1, 0, 0, 0, 1, 0, 0, 0, 1, 0, 0, 0)
bones/1/enabled = true
bones/1/position = Vector3(0, 0, 0)
bones/1/rotation = Quaternion(0, 0, 0, 1)
bones/1/scale = Vector3(1, 1, 1)
bones/2/name = "Clavicle"
bones/2/parent = 1
bones/2/rest = Transform3D(1, 0, 0, 0, 1, 0, 0, 0, 1, 0, 0.601722, 0)
bones/2/enabled = true
bones/2/position = Vector3(0, 0.601722, 0)
bones/2/rotation = Quaternion(0, 0, 0, 1)
bones/2/scale = Vector3(1, 1, 1)
bones/3/name = "Neck"
bones/3/parent = 2
bones/3/rest = Transform3D(1, 0, 0, 0, 1, 0, 0, 0, 1, 0, 0.18756, 0)
bones/3/enabled = true
bones/3/position = Vector3(0, 0.18756, 0)
bones/3/rotation = Quaternion(0, 0, 0, 1)
bones/3/scale = Vector3(1, 1, 1)
bones/4/name = "Head"
bones/4/parent = 3
bones/4/rest = Transform3D(1, 0, 0, 0, 1, 0, 0, 0, 1, 0, 0.206316, 0)
bones/4/enabled = true
bones/4/position = Vector3(0, 0.206316, 0)
bones/4/rotation = Quaternion(0, 0, 0, 1)
bones/4/scale = Vector3(1, 1, 1)
bones/5/name = "Shoulder.L"
bones/5/parent = 1
bones/5/rest = Transform3D(0, 0.998192, -0.0601025, -2.68221e-07, -0.0601024, -0.998192, -1, 1.61207e-08, 2.67736e-07, 0, 0.601722, 0)
bones/5/enabled = true
bones/5/position = Vector3(0, 0.601722, 0)
bones/5/rotation = Quaternion(-0.514806, -0.484742, 0.514806, -0.484742)
bones/5/scale = Vector3(1, 1, 1)
bones/6/name = "Bicep.L"
bones/6/parent = 5
bones/6/rest = Transform3D(1, -6.31331e-09, -2.97095e-07, 1.2287e-08, 0.999798, 0.0201114, 2.96908e-07, -0.0201114, 0.999798, 1.15463e-14, 0.520111, 9.31323e-09)
bones/6/enabled = true
bones/6/position = Vector3(1.15463e-14, 0.520111, 9.31323e-09)
bones/6/rotation = Quaternion(-0.0100562, -1.48508e-07, 4.65032e-09, 0.999949)
bones/6/scale = Vector3(1, 1, 1)
bones/7/name = "Forearm.L"
bones/7/parent = 6
bones/7/rest = Transform3D(1, -2.44472e-08, 2.21044e-07, 1.55825e-08, 0.999199, 0.0400152, -2.21845e-07, -0.0400152, 0.999199, -2.75018e-14, 0.642818, -4.09782e-08)
bones/7/enabled = true
bones/7/position = Vector3(-2.75018e-14, 0.642818, -4.09782e-08)
bones/7/rotation = Quaternion(-0.0200116, 1.10744e-07, 1.00094e-08, 0.9998)
bones/7/scale = Vector3(1, 1, 1)
bones/8/name = "Hand.L"
bones/8/parent = 7
bones/8/rest = Transform3D(1, 4.06711e-09, 2.56214e-07, -1.39094e-09, 0.999945, -0.0104442, -2.56242e-07, 0.0104442, 0.999945, -1.30041e-14, 0.518637, -5.96046e-08)
bones/8/enabled = true
bones/8/position = Vector3(-1.30041e-14, 0.518637, -5.96046e-08)
bones/8/rotation = Quaternion(0.00522217, 1.28116e-07, -1.36453e-09, 0.999986)
bones/8/scale = Vector3(1, 1, 1)
bones/9/name = "Shoulder.R"
bones/9/parent = 1
bones/9/rest = Transform3D(0, -0.998192, 0.0601025, -2.38419e-07, -0.0601024, -0.998192, 1, -1.43295e-08, -2.37988e-07, 0, 0.601722, 0)
bones/9/enabled = true
bones/9/position = Vector3(0, 0.601722, 0)
bones/9/rotation = Quaternion(0.514806, -0.484742, 0.514806, 0.484742)
bones/9/scale = Vector3(1, 1, 1)
bones/10/name = "Bicep.R"
bones/10/parent = 9
bones/10/rest = Transform3D(1, -3.27656e-09, 2.37394e-07, -1.49843e-09, 0.999798, 0.0201114, -2.37411e-07, -0.0201114, 0.999798, -1.77636e-15, 0.520111, -5.02914e-08)
bones/10/enabled = true
bones/10/position = Vector3(-1.77636e-15, 0.520111, -5.02914e-08)
bones/10/rotation = Quaternion(-0.0100562, 1.18707e-07, 4.44559e-10, 0.999949)
bones/10/scale = Vector3(1, 1, 1)
bones/11/name = "Forearm.R"
bones/11/parent = 10
bones/11/rest = Transform3D(1, 2.98137e-09, -4.00287e-07, 1.30386e-08, 0.999199, 0.0400152, 4.00086e-07, -0.0400152, 0.999199, 2.28387e-15, 0.642818, -3.72529e-08)
bones/11/enabled = true
bones/11/position = Vector3(2.28387e-15, 0.642818, -3.72529e-08)
bones/11/rotation = Quaternion(-0.0200116, -2.00133e-07, 2.51481e-09, 0.9998)
bones/11/scale = Vector3(1, 1, 1)
bones/12/name = "Hand.R"
bones/12/parent = 11
bones/12/rest = Transform3D(1, 3.40315e-09, 1.57254e-07, -1.76057e-09, 0.999945, -0.0104442, -1.57281e-07, 0.0104442, 0.999945, 1.44963e-14, 0.518637, -5.96046e-08)
bones/12/enabled = true
bones/12/position = Vector3(1.44963e-14, 0.518637, -5.96046e-08)
bones/12/rotation = Quaternion(0.00522217, 7.86349e-08, -1.29095e-09, 0.999986)
bones/12/scale = Vector3(1, 1, 1)

[node name="Enemy" type="MeshInstance3D" parent="Armature/Skeleton3D"]
mesh = ExtResource("2_ikd5g")
skin = SubResource("Skin_l3pri")

[node name="AnimationPlayer" type="AnimationPlayer" parent="."]
unique_name_in_owner = true
libraries = {
&"": SubResource("AnimationLibrary_rq53j")
}

[connection signal="target_reached" from="NavigationAgent3D" to="." method="_on_navigation_agent_3d_target_reached"]
[connection signal="timeout" from="Timer" to="." method="recalculate_path"]
[connection signal="body_entered" from="HurtBox" to="." method="_on_hurt_box_body_entered"]
